FU4, Channel = 0
Peak 0: 
t = 2015-02-02T06:12:53.526899 $ \pm $0.00s 
A = 160.26 $\pm $6.22 counts 
sigma = 0.07$\pm $0.00 s 
Peak 1: 
t = 2015-02-02T06:12:54.037025 $ \pm $0.01s 
A = 56.77 $\pm $2.98 counts 
sigma = 0.15$\pm $0.01 s 
Peak 2: 
t = 2015-02-02T06:12:54.709863 $ \pm $0.02s 
A = 17.58 $\pm $2.40 counts 
sigma = 0.16$\pm $0.02 s 
Peak 3: 
t = 2015-02-02T06:12:55.327288 $ \pm $0.03s 
A = 10.68 $\pm $2.17 counts 
sigma = 0.14$\pm $0.03 s 
