FU4, Channel = 2
Peak 0: 
t = 2015-02-02T06:12:53.524320 $ \pm $0.00s 
A = 30.57 $\pm $2.26 counts 
sigma = 0.08$\pm $0.00 s 
Peak 1: 
t = 2015-02-02T06:12:54.029856 $ \pm $0.01s 
A = 14.93 $\pm $1.44 counts 
sigma = 0.10$\pm $0.01 s 
Peak 2: 
t = 2015-02-02T06:12:54.550980 $ \pm $0.02s 
A = 6.83 $\pm $0.97 counts 
sigma = 0.13$\pm $0.02 s 
Peak 3: 
t = 2015-02-02T06:12:55.115897 $ \pm $0.02s 
A = 4.32 $\pm $0.84 counts 
sigma = 0.13$\pm $0.02 s 
